# Blender v2.80 (sub 74) OBJ File: 'well.blend'
# www.blender.org
mtllib well.mtl
o Cube
v 0.402104 0.201466 -0.224915
v 0.402104 0.001466 -0.224915
v 0.481785 0.201466 -0.041473
v 0.481785 0.001466 -0.041473
v 0.035220 0.201466 -0.065553
v 0.035220 0.001466 -0.065553
v 0.114901 0.201466 0.117889
v 0.114901 0.001466 0.117889
vt 0.375000 0.000000
vt 0.625000 0.000000
vt 0.625000 0.250000
vt 0.375000 0.250000
vt 0.375000 0.250000
vt 0.625000 0.250000
vt 0.625000 0.500000
vt 0.375000 0.500000
vt 0.625000 0.750000
vt 0.375000 0.750000
vt 0.625000 0.750000
vt 0.625000 1.000000
vt 0.375000 1.000000
vt 0.125000 0.500000
vt 0.375000 0.500000
vt 0.375000 0.750000
vt 0.125000 0.750000
vt 0.625000 0.500000
vt 0.875000 0.500000
vt 0.875000 0.750000
vn 0.0000 1.0000 0.0000
vn 0.3984 0.0000 0.9172
vn -0.9172 0.0000 0.3984
vn 0.0000 -1.0000 0.0000
vn 0.9172 0.0000 -0.3984
vn -0.3984 0.0000 -0.9172
usemtl bricks
s off
f 1/1/1 5/2/1 7/3/1 3/4/1
f 4/5/2 3/6/2 7/7/2 8/8/2
f 8/8/3 7/7/3 5/9/3 6/10/3
f 6/10/4 2/11/4 4/12/4 8/13/4
f 2/14/5 1/15/5 3/16/5 4/17/5
f 6/18/6 5/19/6 1/20/6 2/11/6
o Cube.001
v 0.558941 0.201466 -0.482451
v 0.558941 0.001466 -0.482451
v 0.719667 0.201466 -0.363426
v 0.719667 0.001466 -0.363426
v 0.320891 0.201466 -0.160998
v 0.320891 0.001466 -0.160998
v 0.481618 0.201466 -0.041973
v 0.481618 0.001466 -0.041973
vt 0.375000 0.000000
vt 0.625000 0.000000
vt 0.625000 0.250000
vt 0.375000 0.250000
vt 0.375000 0.250000
vt 0.625000 0.250000
vt 0.625000 0.500000
vt 0.375000 0.500000
vt 0.625000 0.750000
vt 0.375000 0.750000
vt 0.625000 0.750000
vt 0.625000 1.000000
vt 0.375000 1.000000
vt 0.125000 0.500000
vt 0.375000 0.500000
vt 0.375000 0.750000
vt 0.125000 0.750000
vt 0.625000 0.500000
vt 0.875000 0.500000
vt 0.875000 0.750000
vn 0.0000 1.0000 0.0000
vn 0.8036 0.0000 0.5951
vn -0.5951 0.0000 0.8036
vn 0.0000 -1.0000 0.0000
vn 0.5951 0.0000 -0.8036
vn -0.8036 0.0000 -0.5951
usemtl bricks
s off
f 9/21/7 13/22/7 15/23/7 11/24/7
f 12/25/8 11/26/8 15/27/8 16/28/8
f 16/28/9 15/27/9 13/29/9 14/30/9
f 14/30/10 10/31/10 12/32/10 16/33/10
f 10/34/11 9/35/11 11/36/11 12/37/11
f 14/38/12 13/39/12 9/40/12 10/31/12
o Cube.002
v 0.565202 0.201551 -0.782743
v 0.565202 0.001551 -0.782743
v 0.763908 0.201551 -0.760028
v 0.763908 0.001551 -0.760028
v 0.519772 0.201551 -0.385331
v 0.519772 0.001551 -0.385331
v 0.718477 0.201551 -0.362616
v 0.718477 0.001551 -0.362616
vt 0.375000 0.000000
vt 0.625000 0.000000
vt 0.625000 0.250000
vt 0.375000 0.250000
vt 0.375000 0.250000
vt 0.625000 0.250000
vt 0.625000 0.500000
vt 0.375000 0.500000
vt 0.625000 0.750000
vt 0.375000 0.750000
vt 0.625000 0.750000
vt 0.625000 1.000000
vt 0.375000 1.000000
vt 0.125000 0.500000
vt 0.375000 0.500000
vt 0.375000 0.750000
vt 0.125000 0.750000
vt 0.625000 0.500000
vt 0.875000 0.500000
vt 0.875000 0.750000
vn 0.0000 1.0000 0.0000
vn 0.9935 0.0000 0.1136
vn -0.1136 0.0000 0.9935
vn 0.0000 -1.0000 0.0000
vn 0.1136 0.0000 -0.9935
vn -0.9935 0.0000 -0.1136
usemtl bricks
s off
f 17/41/13 21/42/13 23/43/13 19/44/13
f 20/45/14 19/46/14 23/47/14 24/48/14
f 24/48/15 23/47/15 21/49/15 22/50/15
f 22/50/16 18/51/16 20/52/16 24/53/16
f 18/54/17 17/55/17 19/56/17 20/57/17
f 22/58/18 21/59/18 17/60/18 18/51/18
o Cube.003
v 0.420587 0.201551 -1.047336
v 0.420587 0.001551 -1.047336
v 0.604029 0.201551 -1.127017
v 0.604029 0.001551 -1.127017
v 0.579949 0.201551 -0.680452
v 0.579949 0.001551 -0.680452
v 0.763391 0.201551 -0.760133
v 0.763391 0.001551 -0.760133
vt 0.375000 0.000000
vt 0.625000 0.000000
vt 0.625000 0.250000
vt 0.375000 0.250000
vt 0.375000 0.250000
vt 0.625000 0.250000
vt 0.625000 0.500000
vt 0.375000 0.500000
vt 0.625000 0.750000
vt 0.375000 0.750000
vt 0.625000 0.750000
vt 0.625000 1.000000
vt 0.375000 1.000000
vt 0.125000 0.500000
vt 0.375000 0.500000
vt 0.375000 0.750000
vt 0.125000 0.750000
vt 0.625000 0.500000
vt 0.875000 0.500000
vt 0.875000 0.750000
vn 0.0000 1.0000 0.0000
vn 0.9172 0.0000 -0.3984
vn 0.3984 0.0000 0.9172
vn 0.0000 -1.0000 -0.0000
vn -0.3984 0.0000 -0.9172
vn -0.9172 0.0000 0.3984
usemtl bricks
s off
f 25/61/19 29/62/19 31/63/19 27/64/19
f 28/65/20 27/66/20 31/67/20 32/68/20
f 32/68/21 31/67/21 29/69/21 30/70/21
f 30/70/22 26/71/22 28/72/22 32/73/22
f 26/74/23 25/75/23 27/76/23 28/77/23
f 30/78/24 29/79/24 25/80/24 26/71/24
o Cube.004
v 0.162953 0.201466 -1.204698
v 0.162953 0.001466 -1.204698
v 0.281978 0.201466 -1.365425
v 0.281978 0.001466 -1.365425
v 0.484407 0.201466 -0.966648
v 0.484407 0.001466 -0.966648
v 0.603432 0.201466 -1.127375
v 0.603432 0.001466 -1.127375
vt 0.375000 0.000000
vt 0.625000 0.000000
vt 0.625000 0.250000
vt 0.375000 0.250000
vt 0.375000 0.250000
vt 0.625000 0.250000
vt 0.625000 0.500000
vt 0.375000 0.500000
vt 0.625000 0.750000
vt 0.375000 0.750000
vt 0.625000 0.750000
vt 0.625000 1.000000
vt 0.375000 1.000000
vt 0.125000 0.500000
vt 0.375000 0.500000
vt 0.375000 0.750000
vt 0.125000 0.750000
vt 0.625000 0.500000
vt 0.875000 0.500000
vt 0.875000 0.750000
vn 0.0000 1.0000 -0.0000
vn 0.5951 0.0000 -0.8036
vn 0.8036 0.0000 0.5951
vn 0.0000 -1.0000 -0.0000
vn -0.8036 0.0000 -0.5951
vn -0.5951 0.0000 0.8036
usemtl bricks
s off
f 33/81/25 37/82/25 39/83/25 35/84/25
f 36/85/26 35/86/26 39/87/26 40/88/26
f 40/88/27 39/87/27 37/89/27 38/90/27
f 38/90/28 34/91/28 36/92/28 40/93/28
f 34/94/29 33/95/29 35/96/29 36/97/29
f 38/98/30 37/99/30 33/100/30 34/91/30
o Cube.005
v -0.138498 0.201466 -1.211754
v -0.138498 0.001466 -1.211754
v -0.115783 0.201466 -1.410460
v -0.115783 0.001466 -1.410460
v 0.258914 0.201466 -1.166324
v 0.258914 0.001466 -1.166324
v 0.281629 0.201466 -1.365030
v 0.281629 0.001466 -1.365030
vt 0.375000 0.000000
vt 0.625000 0.000000
vt 0.625000 0.250000
vt 0.375000 0.250000
vt 0.375000 0.250000
vt 0.625000 0.250000
vt 0.625000 0.500000
vt 0.375000 0.500000
vt 0.625000 0.750000
vt 0.375000 0.750000
vt 0.625000 0.750000
vt 0.625000 1.000000
vt 0.375000 1.000000
vt 0.125000 0.500000
vt 0.375000 0.500000
vt 0.375000 0.750000
vt 0.125000 0.750000
vt 0.625000 0.500000
vt 0.875000 0.500000
vt 0.875000 0.750000
vn 0.0000 1.0000 0.0000
vn 0.1136 0.0000 -0.9935
vn 0.9935 0.0000 0.1136
vn 0.0000 -1.0000 0.0000
vn -0.9935 0.0000 -0.1136
vn -0.1136 0.0000 0.9935
usemtl bricks
s off
f 41/101/31 45/102/31 47/103/31 43/104/31
f 44/105/32 43/106/32 47/107/32 48/108/32
f 48/108/33 47/107/33 45/109/33 46/110/33
f 46/110/34 42/111/34 44/112/34 48/113/34
f 42/114/35 41/115/35 43/116/35 44/117/35
f 46/118/36 45/119/36 41/120/36 42/111/36
o Cube.006
v -0.401689 0.201551 -1.067031
v -0.401689 0.001551 -1.067031
v -0.481370 0.201551 -1.250473
v -0.481370 0.001551 -1.250473
v -0.034805 0.201551 -1.226393
v -0.034805 0.001551 -1.226393
v -0.114486 0.201551 -1.409835
v -0.114486 0.001551 -1.409835
vt 0.375000 0.000000
vt 0.625000 0.000000
vt 0.625000 0.250000
vt 0.375000 0.250000
vt 0.375000 0.250000
vt 0.625000 0.250000
vt 0.625000 0.500000
vt 0.375000 0.500000
vt 0.625000 0.750000
vt 0.375000 0.750000
vt 0.625000 0.750000
vt 0.625000 1.000000
vt 0.375000 1.000000
vt 0.125000 0.500000
vt 0.375000 0.500000
vt 0.375000 0.750000
vt 0.125000 0.750000
vt 0.625000 0.500000
vt 0.875000 0.500000
vt 0.875000 0.750000
vn 0.0000 1.0000 0.0000
vn -0.3984 0.0000 -0.9172
vn 0.9172 0.0000 -0.3984
vn 0.0000 -1.0000 0.0000
vn -0.9172 0.0000 0.3984
vn 0.3984 0.0000 0.9172
usemtl bricks
s off
f 49/121/37 53/122/37 55/123/37 51/124/37
f 52/125/38 51/126/38 55/127/38 56/128/38
f 56/128/39 55/127/39 53/129/39 54/130/39
f 54/130/40 50/131/40 52/132/40 56/133/40
f 50/134/41 49/135/41 51/136/41 52/137/41
f 54/138/42 53/139/42 49/140/42 50/131/42
o Cube.007
v -0.558526 0.201551 -0.809495
v -0.558526 0.001551 -0.809495
v -0.719252 0.201551 -0.928520
v -0.719252 0.001551 -0.928520
v -0.320476 0.201551 -1.130948
v -0.320476 0.001551 -1.130948
v -0.481202 0.201551 -1.249973
v -0.481202 0.001551 -1.249973
vt 0.375000 0.000000
vt 0.625000 0.000000
vt 0.625000 0.250000
vt 0.375000 0.250000
vt 0.375000 0.250000
vt 0.625000 0.250000
vt 0.625000 0.500000
vt 0.375000 0.500000
vt 0.625000 0.750000
vt 0.375000 0.750000
vt 0.625000 0.750000
vt 0.625000 1.000000
vt 0.375000 1.000000
vt 0.125000 0.500000
vt 0.375000 0.500000
vt 0.375000 0.750000
vt 0.125000 0.750000
vt 0.625000 0.500000
vt 0.875000 0.500000
vt 0.875000 0.750000
vn 0.0000 1.0000 0.0000
vn -0.8036 0.0000 -0.5951
vn 0.5951 0.0000 -0.8036
vn 0.0000 -1.0000 0.0000
vn -0.5951 0.0000 0.8036
vn 0.8036 0.0000 0.5951
usemtl bricks
s off
f 57/141/43 61/142/43 63/143/43 59/144/43
f 60/145/44 59/146/44 63/147/44 64/148/44
f 64/148/45 63/147/45 61/149/45 62/150/45
f 62/150/46 58/151/46 60/152/46 64/153/46
f 58/154/47 57/155/47 59/156/47 60/157/47
f 62/158/48 61/159/48 57/160/48 58/151/48
o Cube.008
v -0.560901 0.201466 -0.518504
v -0.560901 0.001466 -0.518504
v -0.759285 0.201466 -0.543875
v -0.759285 0.001466 -0.543875
v -0.510160 0.201466 -0.915273
v -0.510160 0.001466 -0.915273
v -0.708544 0.201466 -0.940643
v -0.708544 0.001466 -0.940643
vt 0.375000 0.000000
vt 0.625000 0.000000
vt 0.625000 0.250000
vt 0.375000 0.250000
vt 0.375000 0.250000
vt 0.625000 0.250000
vt 0.625000 0.500000
vt 0.375000 0.500000
vt 0.625000 0.750000
vt 0.375000 0.750000
vt 0.625000 0.750000
vt 0.625000 1.000000
vt 0.375000 1.000000
vt 0.125000 0.500000
vt 0.375000 0.500000
vt 0.375000 0.750000
vt 0.125000 0.750000
vt 0.625000 0.500000
vt 0.875000 0.500000
vt 0.875000 0.750000
vn 0.0000 1.0000 0.0000
vn -0.9919 0.0000 -0.1269
vn 0.1269 0.0000 -0.9919
vn 0.0000 -1.0000 0.0000
vn -0.1269 0.0000 0.9919
vn 0.9919 0.0000 0.1269
usemtl bricks
s off
f 65/161/49 69/162/49 71/163/49 67/164/49
f 68/165/50 67/166/50 71/167/50 72/168/50
f 72/168/51 71/167/51 69/169/51 70/170/51
f 70/170/52 66/171/52 68/172/52 72/173/52
f 66/174/53 65/175/53 67/176/53 68/177/53
f 70/178/54 69/179/54 65/180/54 66/171/54
o Cube.009
v -0.419838 0.201466 -0.252000
v -0.419838 0.001466 -0.252000
v -0.604330 0.201466 -0.174780
v -0.604330 0.001466 -0.174780
v -0.574279 0.201466 -0.620983
v -0.574279 0.001466 -0.620983
v -0.758770 0.201466 -0.543763
v -0.758770 0.001466 -0.543763
vt 0.375000 0.000000
vt 0.625000 0.000000
vt 0.625000 0.250000
vt 0.375000 0.250000
vt 0.375000 0.250000
vt 0.625000 0.250000
vt 0.625000 0.500000
vt 0.375000 0.500000
vt 0.625000 0.750000
vt 0.375000 0.750000
vt 0.625000 0.750000
vt 0.625000 1.000000
vt 0.375000 1.000000
vt 0.125000 0.500000
vt 0.375000 0.500000
vt 0.375000 0.750000
vt 0.125000 0.750000
vt 0.625000 0.500000
vt 0.875000 0.500000
vt 0.875000 0.750000
vn 0.0000 1.0000 0.0000
vn -0.9225 0.0000 0.3861
vn -0.3861 0.0000 -0.9225
vn 0.0000 -1.0000 0.0000
vn 0.3861 0.0000 0.9225
vn 0.9225 0.0000 -0.3861
usemtl bricks
s off
f 73/181/55 77/182/55 79/183/55 75/184/55
f 76/185/56 75/186/56 79/187/56 80/188/56
f 80/188/57 79/187/57 77/189/57 78/190/57
f 78/190/58 74/191/58 76/192/58 80/193/58
f 74/194/59 73/195/59 75/196/59 76/197/59
f 78/198/60 77/199/60 73/200/60 74/191/60
o Cube.010
v -0.165013 0.201551 -0.093010
v -0.165013 0.001551 -0.093010
v -0.286177 0.201551 0.066111
v -0.286177 0.001551 0.066111
v -0.483254 0.201551 -0.335338
v -0.483254 0.001551 -0.335338
v -0.604418 0.201551 -0.176217
v -0.604418 0.001551 -0.176217
vt 0.375000 0.000000
vt 0.625000 0.000000
vt 0.625000 0.250000
vt 0.375000 0.250000
vt 0.375000 0.250000
vt 0.625000 0.250000
vt 0.625000 0.500000
vt 0.375000 0.500000
vt 0.625000 0.750000
vt 0.375000 0.750000
vt 0.625000 0.750000
vt 0.625000 1.000000
vt 0.375000 1.000000
vt 0.125000 0.500000
vt 0.375000 0.500000
vt 0.375000 0.750000
vt 0.125000 0.750000
vt 0.625000 0.500000
vt 0.875000 0.500000
vt 0.875000 0.750000
vn 0.0000 1.0000 0.0000
vn -0.6058 0.0000 0.7956
vn -0.7956 0.0000 -0.6058
vn 0.0000 -1.0000 0.0000
vn 0.7956 0.0000 0.6058
vn 0.6058 0.0000 -0.7956
usemtl bricks
s off
f 81/201/61 85/202/61 87/203/61 83/204/61
f 84/205/62 83/206/62 87/207/62 88/208/62
f 88/208/63 87/207/63 85/209/63 86/210/63
f 86/210/64 82/211/64 84/212/64 88/213/64
f 82/214/65 81/215/65 83/216/65 84/217/65
f 86/218/66 85/219/66 81/220/66 82/211/66
o Cube.011
v 0.136317 0.201551 -0.081922
v 0.136317 0.001551 -0.081922
v 0.110947 0.201551 0.116462
v 0.110947 0.001551 0.116462
v -0.260451 0.201551 -0.132664
v -0.260451 0.001551 -0.132664
v -0.285822 0.201551 0.065721
v -0.285822 0.001551 0.065721
vt 0.375000 0.000000
vt 0.625000 0.000000
vt 0.625000 0.250000
vt 0.375000 0.250000
vt 0.375000 0.250000
vt 0.625000 0.250000
vt 0.625000 0.500000
vt 0.375000 0.500000
vt 0.625000 0.750000
vt 0.375000 0.750000
vt 0.625000 0.750000
vt 0.625000 1.000000
vt 0.375000 1.000000
vt 0.125000 0.500000
vt 0.375000 0.500000
vt 0.375000 0.750000
vt 0.125000 0.750000
vt 0.625000 0.500000
vt 0.875000 0.500000
vt 0.875000 0.750000
vn 0.0000 1.0000 0.0000
vn -0.1269 0.0000 0.9919
vn -0.9919 0.0000 -0.1269
vn 0.0000 -1.0000 0.0000
vn 0.9919 0.0000 0.1269
vn 0.1269 0.0000 -0.9919
usemtl bricks
s off
f 89/221/67 93/222/67 95/223/67 91/224/67
f 92/225/68 91/226/68 95/227/68 96/228/68
f 96/228/69 95/227/69 93/229/69 94/230/69
f 94/230/70 90/231/70 92/232/70 96/233/70
f 90/234/71 89/235/71 91/236/71 92/237/71
f 94/238/72 93/239/72 89/240/72 90/231/72
o Cube.012
v 0.309047 0.391368 -0.141718
v 0.309047 0.191368 -0.141718
v 0.342921 0.391368 0.055393
v 0.342921 0.191368 0.055393
v -0.085174 0.391368 -0.073971
v -0.085174 0.191368 -0.073971
v -0.051300 0.391368 0.123140
v -0.051300 0.191368 0.123140
vt 0.375000 0.000000
vt 0.625000 0.000000
vt 0.625000 0.250000
vt 0.375000 0.250000
vt 0.375000 0.250000
vt 0.625000 0.250000
vt 0.625000 0.500000
vt 0.375000 0.500000
vt 0.625000 0.750000
vt 0.375000 0.750000
vt 0.625000 0.750000
vt 0.625000 1.000000
vt 0.375000 1.000000
vt 0.125000 0.500000
vt 0.375000 0.500000
vt 0.375000 0.750000
vt 0.125000 0.750000
vt 0.625000 0.500000
vt 0.875000 0.500000
vt 0.875000 0.750000
vn 0.0000 1.0000 0.0000
vn 0.1694 0.0000 0.9856
vn -0.9856 0.0000 0.1694
vn 0.0000 -1.0000 0.0000
vn 0.9856 0.0000 -0.1694
vn -0.1694 0.0000 -0.9856
usemtl bricks
s off
f 97/241/73 101/242/73 103/243/73 99/244/73
f 100/245/74 99/246/74 103/247/74 104/248/74
f 104/248/75 103/247/75 101/249/75 102/250/75
f 102/250/76 98/251/76 100/252/76 104/253/76
f 98/254/77 97/255/77 99/256/77 100/257/77
f 102/258/78 101/259/78 97/260/78 98/251/78
o Cube.013
v 0.522518 0.391368 -0.354680
v 0.522518 0.191368 -0.354680
v 0.650409 0.391368 -0.200914
v 0.650409 0.191368 -0.200914
v 0.214986 0.391368 -0.098899
v 0.214986 0.191368 -0.098899
v 0.342877 0.391368 0.054867
v 0.342877 0.191368 0.054867
vt 0.375000 0.000000
vt 0.625000 0.000000
vt 0.625000 0.250000
vt 0.375000 0.250000
vt 0.375000 0.250000
vt 0.625000 0.250000
vt 0.625000 0.500000
vt 0.375000 0.500000
vt 0.625000 0.750000
vt 0.375000 0.750000
vt 0.625000 0.750000
vt 0.625000 1.000000
vt 0.375000 1.000000
vt 0.125000 0.500000
vt 0.375000 0.500000
vt 0.375000 0.750000
vt 0.125000 0.750000
vt 0.625000 0.500000
vt 0.875000 0.500000
vt 0.875000 0.750000
vn 0.0000 1.0000 0.0000
vn 0.6395 0.0000 0.7688
vn -0.7688 0.0000 0.6395
vn 0.0000 -1.0000 0.0000
vn 0.7688 0.0000 -0.6395
vn -0.6395 0.0000 -0.7688
usemtl bricks
s off
f 105/261/79 109/262/79 111/263/79 107/264/79
f 108/265/80 107/266/80 111/267/80 112/268/80
f 112/268/81 111/267/81 109/269/81 110/270/81
f 110/270/82 106/271/82 108/272/82 112/273/82
f 106/274/83 105/275/83 107/276/83 108/277/83
f 110/278/84 109/279/84 105/280/84 106/271/84
o Cube.014
v 0.599861 0.391453 -0.644909
v 0.599861 0.191453 -0.644909
v 0.787500 0.391453 -0.575689
v 0.787500 0.191453 -0.575689
v 0.461421 0.391453 -0.269629
v 0.461421 0.191453 -0.269629
v 0.649061 0.391453 -0.200409
v 0.649061 0.191453 -0.200409
vt 0.375000 0.000000
vt 0.625000 0.000000
vt 0.625000 0.250000
vt 0.375000 0.250000
vt 0.375000 0.250000
vt 0.625000 0.250000
vt 0.625000 0.500000
vt 0.375000 0.500000
vt 0.625000 0.750000
vt 0.375000 0.750000
vt 0.625000 0.750000
vt 0.625000 1.000000
vt 0.375000 1.000000
vt 0.125000 0.500000
vt 0.375000 0.500000
vt 0.375000 0.750000
vt 0.125000 0.750000
vt 0.625000 0.500000
vt 0.875000 0.500000
vt 0.875000 0.750000
vn 0.0000 1.0000 -0.0000
vn 0.9382 0.0000 0.3461
vn -0.3461 0.0000 0.9382
vn 0.0000 -1.0000 0.0000
vn 0.3461 0.0000 -0.9382
vn -0.9382 0.0000 -0.3461
usemtl bricks
s off
f 113/281/85 117/282/85 119/283/85 115/284/85
f 116/285/86 115/286/86 119/287/86 120/288/86
f 120/288/87 119/287/87 117/289/87 118/290/87
f 118/290/88 114/291/88 116/292/88 120/293/88
f 114/294/89 113/295/89 115/296/89 116/297/89
f 118/298/90 117/299/90 113/300/90 114/291/90
o Cube.015
v 0.522165 0.391453 -0.936261
v 0.522165 0.191453 -0.936261
v 0.719276 0.391453 -0.970135
v 0.719276 0.191453 -0.970135
v 0.589912 0.391453 -0.542040
v 0.589912 0.191453 -0.542040
v 0.787023 0.391453 -0.575913
v 0.787023 0.191453 -0.575913
vt 0.375000 0.000000
vt 0.625000 0.000000
vt 0.625000 0.250000
vt 0.375000 0.250000
vt 0.375000 0.250000
vt 0.625000 0.250000
vt 0.625000 0.500000
vt 0.375000 0.500000
vt 0.625000 0.750000
vt 0.375000 0.750000
vt 0.625000 0.750000
vt 0.625000 1.000000
vt 0.375000 1.000000
vt 0.125000 0.500000
vt 0.375000 0.500000
vt 0.375000 0.750000
vt 0.125000 0.750000
vt 0.625000 0.500000
vt 0.875000 0.500000
vt 0.875000 0.750000
vn 0.0000 1.0000 0.0000
vn 0.9856 0.0000 -0.1694
vn 0.1694 0.0000 0.9856
vn 0.0000 -1.0000 -0.0000
vn -0.1694 0.0000 -0.9856
vn -0.9856 0.0000 0.1694
usemtl bricks
s off
f 121/301/91 125/302/91 127/303/91 123/304/91
f 124/305/92 123/306/92 127/307/92 128/308/92
f 128/308/93 127/307/93 125/309/93 126/310/93
f 126/310/94 122/311/94 124/312/94 128/313/94
f 122/314/95 121/315/95 123/316/95 124/317/95
f 126/318/96 125/319/96 121/320/96 122/311/96
o Cube.016
v 0.309233 0.391368 -1.150266
v 0.309233 0.191368 -1.150266
v 0.462999 0.391368 -1.278156
v 0.462999 0.191368 -1.278156
v 0.565014 0.391368 -0.842734
v 0.565014 0.191368 -0.842734
v 0.718780 0.391368 -0.970625
v 0.718780 0.191368 -0.970625
vt 0.375000 0.000000
vt 0.625000 0.000000
vt 0.625000 0.250000
vt 0.375000 0.250000
vt 0.375000 0.250000
vt 0.625000 0.250000
vt 0.625000 0.500000
vt 0.375000 0.500000
vt 0.625000 0.750000
vt 0.375000 0.750000
vt 0.625000 0.750000
vt 0.625000 1.000000
vt 0.375000 1.000000
vt 0.125000 0.500000
vt 0.375000 0.500000
vt 0.375000 0.750000
vt 0.125000 0.750000
vt 0.625000 0.500000
vt 0.875000 0.500000
vt 0.875000 0.750000
vn 0.0000 1.0000 0.0000
vn 0.7688 0.0000 -0.6395
vn 0.6395 0.0000 0.7688
vn 0.0000 -1.0000 0.0000
vn -0.6395 0.0000 -0.7688
vn -0.7688 0.0000 0.6395
usemtl bricks
s off
f 129/321/97 133/322/97 135/323/97 131/324/97
f 132/325/98 131/326/98 135/327/98 136/328/98
f 136/328/99 135/327/99 133/329/99 134/330/99
f 134/330/100 130/331/100 132/332/100 136/333/100
f 130/334/101 129/335/101 131/336/101 132/337/101
f 134/338/102 133/339/102 129/340/102 130/331/102
o Cube.017
v 0.018066 0.391368 -1.228656
v 0.018066 0.191368 -1.228656
v 0.087286 0.391368 -1.416295
v 0.087286 0.191368 -1.416295
v 0.393346 0.391368 -1.090216
v 0.393346 0.191368 -1.090216
v 0.462566 0.391368 -1.277856
v 0.462566 0.191368 -1.277856
vt 0.375000 0.000000
vt 0.625000 0.000000
vt 0.625000 0.250000
vt 0.375000 0.250000
vt 0.375000 0.250000
vt 0.625000 0.250000
vt 0.625000 0.500000
vt 0.375000 0.500000
vt 0.625000 0.750000
vt 0.375000 0.750000
vt 0.625000 0.750000
vt 0.625000 1.000000
vt 0.375000 1.000000
vt 0.125000 0.500000
vt 0.375000 0.500000
vt 0.375000 0.750000
vt 0.125000 0.750000
vt 0.625000 0.500000
vt 0.875000 0.500000
vt 0.875000 0.750000
vn 0.0000 1.0000 -0.0000
vn 0.3461 0.0000 -0.9382
vn 0.9382 0.0000 0.3461
vn 0.0000 -1.0000 0.0000
vn -0.9382 0.0000 -0.3461
vn -0.3461 0.0000 0.9382
usemtl bricks
s off
f 137/341/103 141/342/103 143/343/103 139/344/103
f 140/345/104 139/346/104 143/347/104 144/348/104
f 144/348/105 143/347/105 141/349/105 142/350/105
f 142/350/106 138/351/106 140/352/106 144/353/106
f 138/354/107 137/355/107 139/356/107 140/357/107
f 142/358/108 141/359/108 137/360/108 138/351/108
o Cube.018
v -0.271950 0.391453 -1.150522
v -0.271950 0.191453 -1.150522
v -0.305823 0.391453 -1.347632
v -0.305823 0.191453 -1.347632
v 0.122271 0.391453 -1.218269
v 0.122271 0.191453 -1.218269
v 0.088398 0.391453 -1.415380
v 0.088398 0.191453 -1.415380
vt 0.375000 0.000000
vt 0.625000 0.000000
vt 0.625000 0.250000
vt 0.375000 0.250000
vt 0.375000 0.250000
vt 0.625000 0.250000
vt 0.625000 0.500000
vt 0.375000 0.500000
vt 0.625000 0.750000
vt 0.375000 0.750000
vt 0.625000 0.750000
vt 0.625000 1.000000
vt 0.375000 1.000000
vt 0.125000 0.500000
vt 0.375000 0.500000
vt 0.375000 0.750000
vt 0.125000 0.750000
vt 0.625000 0.500000
vt 0.875000 0.500000
vt 0.875000 0.750000
vn 0.0000 1.0000 0.0000
vn -0.1694 0.0000 -0.9856
vn 0.9856 0.0000 -0.1694
vn 0.0000 -1.0000 0.0000
vn -0.9856 0.0000 0.1694
vn 0.1694 0.0000 0.9856
usemtl bricks
s off
f 145/361/109 149/362/109 151/363/109 147/364/109
f 148/365/110 147/366/110 151/367/110 152/368/110
f 152/368/111 151/367/111 149/369/111 150/370/111
f 150/370/112 146/371/112 148/372/112 152/373/112
f 146/374/113 145/375/113 147/376/113 148/377/113
f 150/378/114 149/379/114 145/380/114 146/371/114
o Cube.019
v -0.485420 0.391453 -0.937559
v -0.485420 0.191453 -0.937559
v -0.613311 0.391453 -1.091325
v -0.613311 0.191453 -1.091325
v -0.177889 0.391453 -1.193341
v -0.177889 0.191453 -1.193341
v -0.305780 0.391453 -1.347107
v -0.305780 0.191453 -1.347107
vt 0.375000 0.000000
vt 0.625000 0.000000
vt 0.625000 0.250000
vt 0.375000 0.250000
vt 0.375000 0.250000
vt 0.625000 0.250000
vt 0.625000 0.500000
vt 0.375000 0.500000
vt 0.625000 0.750000
vt 0.375000 0.750000
vt 0.625000 0.750000
vt 0.625000 1.000000
vt 0.375000 1.000000
vt 0.125000 0.500000
vt 0.375000 0.500000
vt 0.375000 0.750000
vt 0.125000 0.750000
vt 0.625000 0.500000
vt 0.875000 0.500000
vt 0.875000 0.750000
vn 0.0000 1.0000 0.0000
vn -0.6395 0.0000 -0.7688
vn 0.7688 0.0000 -0.6395
vn 0.0000 -1.0000 -0.0000
vn -0.7688 0.0000 0.6395
vn 0.6395 0.0000 0.7688
usemtl bricks
s off
f 153/381/115 157/382/115 159/383/115 155/384/115
f 156/385/116 155/386/116 159/387/116 160/388/116
f 160/388/117 159/387/117 157/389/117 158/390/117
f 158/390/118 154/391/118 156/392/118 160/393/118
f 154/394/119 153/395/119 155/396/119 156/397/119
f 158/398/120 157/399/120 153/400/120 154/391/120
o Cube.020
v -0.556781 0.391368 -0.655444
v -0.556781 0.191368 -0.655444
v -0.743478 0.391368 -0.727167
v -0.743478 0.191368 -0.727167
v -0.413335 0.391368 -1.028839
v -0.413335 0.191368 -1.028839
v -0.600032 0.391368 -1.100562
v -0.600032 0.191368 -1.100562
vt 0.375000 0.000000
vt 0.625000 0.000000
vt 0.625000 0.250000
vt 0.375000 0.250000
vt 0.375000 0.250000
vt 0.625000 0.250000
vt 0.625000 0.500000
vt 0.375000 0.500000
vt 0.625000 0.750000
vt 0.375000 0.750000
vt 0.625000 0.750000
vt 0.625000 1.000000
vt 0.375000 1.000000
vt 0.125000 0.500000
vt 0.375000 0.500000
vt 0.375000 0.750000
vt 0.125000 0.750000
vt 0.625000 0.500000
vt 0.875000 0.500000
vt 0.875000 0.750000
vn 0.0000 1.0000 0.0000
vn -0.9335 0.0000 -0.3586
vn 0.3586 0.0000 -0.9335
vn 0.0000 -1.0000 0.0000
vn -0.3586 0.0000 0.9335
vn 0.9335 0.0000 0.3586
usemtl bricks
s off
f 161/401/121 165/402/121 167/403/121 163/404/121
f 164/405/122 163/406/122 167/407/122 168/408/122
f 168/408/123 167/407/123 165/409/123 166/410/123
f 166/410/124 162/411/124 164/412/124 168/413/124
f 162/414/125 161/415/125 163/416/125 164/417/125
f 166/418/126 165/419/126 161/420/126 162/411/126
o Cube.021
v -0.482990 0.391368 -0.363079
v -0.482990 0.191368 -0.363079
v -0.680536 0.391368 -0.331844
v -0.680536 0.191368 -0.331844
v -0.545458 0.391368 -0.758171
v -0.545458 0.191368 -0.758171
v -0.743004 0.391368 -0.726936
v -0.743004 0.191368 -0.726936
vt 0.375000 0.000000
vt 0.625000 0.000000
vt 0.625000 0.250000
vt 0.375000 0.250000
vt 0.375000 0.250000
vt 0.625000 0.250000
vt 0.625000 0.500000
vt 0.375000 0.500000
vt 0.625000 0.750000
vt 0.375000 0.750000
vt 0.625000 0.750000
vt 0.625000 1.000000
vt 0.375000 1.000000
vt 0.125000 0.500000
vt 0.375000 0.500000
vt 0.375000 0.750000
vt 0.125000 0.750000
vt 0.625000 0.500000
vt 0.875000 0.500000
vt 0.875000 0.750000
vn 0.0000 1.0000 -0.0000
vn -0.9877 0.0000 0.1562
vn -0.1562 0.0000 -0.9877
vn 0.0000 -1.0000 -0.0000
vn 0.1562 0.0000 0.9877
vn 0.9877 0.0000 -0.1562
usemtl bricks
s off
f 169/421/127 173/422/127 175/423/127 171/424/127
f 172/425/128 171/426/128 175/427/128 176/428/128
f 176/428/129 175/427/129 173/429/129 174/430/129
f 174/430/130 170/431/130 172/432/130 176/433/130
f 170/434/131 169/435/131 171/436/131 172/437/131
f 174/438/132 173/439/132 169/440/132 170/431/132
o Cube.022
v -0.273172 0.391453 -0.148159
v -0.273172 0.191453 -0.148159
v -0.428634 0.391453 -0.022336
v -0.428634 0.191453 -0.022336
v -0.524817 0.391453 -0.459084
v -0.524817 0.191453 -0.459084
v -0.680280 0.391453 -0.333261
v -0.680280 0.191453 -0.333261
vt 0.375000 0.000000
vt 0.625000 0.000000
vt 0.625000 0.250000
vt 0.375000 0.250000
vt 0.375000 0.250000
vt 0.625000 0.250000
vt 0.625000 0.500000
vt 0.375000 0.500000
vt 0.625000 0.750000
vt 0.375000 0.750000
vt 0.625000 0.750000
vt 0.625000 1.000000
vt 0.375000 1.000000
vt 0.125000 0.500000
vt 0.375000 0.500000
vt 0.375000 0.750000
vt 0.125000 0.750000
vt 0.625000 0.500000
vt 0.875000 0.500000
vt 0.875000 0.750000
vn 0.0000 1.0000 0.0000
vn -0.7773 0.0000 0.6291
vn -0.6291 0.0000 -0.7773
vn 0.0000 -1.0000 0.0000
vn 0.6291 0.0000 0.7773
vn 0.7773 0.0000 -0.6291
usemtl bricks
s off
f 177/441/133 181/442/133 183/443/133 179/444/133
f 180/445/134 179/446/134 183/447/134 184/448/134
f 184/448/135 183/447/135 181/449/135 182/450/135
f 182/450/136 178/451/136 180/452/136 184/453/136
f 178/454/137 177/455/137 179/456/137 180/457/137
f 182/458/138 181/459/138 177/460/138 178/451/138
o Cube.023
v 0.016920 0.391453 -0.065881
v 0.016920 0.191453 -0.065881
v -0.054803 0.391453 0.120816
v -0.054803 0.191453 0.120816
v -0.356474 0.391453 -0.209328
v -0.356474 0.191453 -0.209328
v -0.428197 0.391453 -0.022631
v -0.428197 0.191453 -0.022631
vt 0.375000 0.000000
vt 0.625000 0.000000
vt 0.625000 0.250000
vt 0.375000 0.250000
vt 0.375000 0.250000
vt 0.625000 0.250000
vt 0.625000 0.500000
vt 0.375000 0.500000
vt 0.625000 0.750000
vt 0.375000 0.750000
vt 0.625000 0.750000
vt 0.625000 1.000000
vt 0.375000 1.000000
vt 0.125000 0.500000
vt 0.375000 0.500000
vt 0.375000 0.750000
vt 0.125000 0.750000
vt 0.625000 0.500000
vt 0.875000 0.500000
vt 0.875000 0.750000
vn 0.0000 1.0000 0.0000
vn -0.3586 0.0000 0.9335
vn -0.9335 0.0000 -0.3586
vn 0.0000 -1.0000 0.0000
vn 0.9335 0.0000 0.3586
vn 0.3586 0.0000 -0.9335
usemtl bricks
s off
f 185/461/139 189/462/139 191/463/139 187/464/139
f 188/465/140 187/466/140 191/467/140 192/468/140
f 192/468/141 191/467/141 189/469/141 190/470/141
f 190/470/142 186/471/142 188/472/142 192/473/142
f 186/474/143 185/475/143 187/476/143 188/477/143
f 190/478/144 189/479/144 185/480/144 186/471/144
o Cube.024
v 0.376177 0.581269 -0.201772
v 0.376177 0.381269 -0.201772
v 0.444803 0.581269 -0.013914
v 0.444803 0.381269 -0.013914
v 0.000462 0.581269 -0.064520
v 0.000462 0.381269 -0.064520
v 0.069087 0.581269 0.123338
v 0.069087 0.381269 0.123338
vt 0.375000 0.000000
vt 0.625000 0.000000
vt 0.625000 0.250000
vt 0.375000 0.250000
vt 0.375000 0.250000
vt 0.625000 0.250000
vt 0.625000 0.500000
vt 0.375000 0.500000
vt 0.625000 0.750000
vt 0.375000 0.750000
vt 0.625000 0.750000
vt 0.625000 1.000000
vt 0.375000 1.000000
vt 0.125000 0.500000
vt 0.375000 0.500000
vt 0.375000 0.750000
vt 0.125000 0.750000
vt 0.625000 0.500000
vt 0.875000 0.500000
vt 0.875000 0.750000
vn 0.0000 1.0000 0.0000
vn 0.3431 0.0000 0.9393
vn -0.9393 0.0000 0.3431
vn 0.0000 -1.0000 0.0000
vn 0.9393 0.0000 -0.3431
vn -0.3431 0.0000 -0.9393
usemtl bricks
s off
f 193/481/145 197/482/145 199/483/145 195/484/145
f 196/485/146 195/486/146 199/487/146 200/488/146
f 200/488/147 199/487/147 197/489/147 198/490/147
f 198/490/148 194/491/148 196/492/148 200/493/148
f 194/494/149 193/495/149 195/496/149 196/497/149
f 198/498/150 197/499/150 193/500/150 194/491/150
o Cube.025
v 0.548058 0.581269 -0.449521
v 0.548058 0.381269 -0.449521
v 0.701419 0.581269 -0.321144
v 0.701419 0.381269 -0.321144
v 0.291305 0.581269 -0.142800
v 0.291305 0.381269 -0.142800
v 0.444665 0.581269 -0.014423
v 0.444665 0.381269 -0.014423
vt 0.375000 0.000000
vt 0.625000 0.000000
vt 0.625000 0.250000
vt 0.375000 0.250000
vt 0.375000 0.250000
vt 0.625000 0.250000
vt 0.625000 0.500000
vt 0.375000 0.500000
vt 0.625000 0.750000
vt 0.375000 0.750000
vt 0.625000 0.750000
vt 0.625000 1.000000
vt 0.375000 1.000000
vt 0.125000 0.500000
vt 0.375000 0.500000
vt 0.375000 0.750000
vt 0.125000 0.750000
vt 0.625000 0.500000
vt 0.875000 0.500000
vt 0.875000 0.750000
vn 0.0000 1.0000 0.0000
vn 0.7668 0.0000 0.6419
vn -0.6419 0.0000 0.7668
vn 0.0000 -1.0000 -0.0000
vn 0.6419 0.0000 -0.7668
vn -0.7668 0.0000 -0.6419
usemtl bricks
s off
f 201/501/151 205/502/151 207/503/151 203/504/151
f 204/505/152 203/506/152 207/507/152 208/508/152
f 208/508/153 207/507/153 205/509/153 206/510/153
f 206/510/154 202/511/154 204/512/154 208/513/154
f 202/514/155 201/515/155 203/516/155 204/517/155
f 206/518/156 205/519/156 201/520/156 202/511/156
o Cube.026
v 0.572174 0.581354 -0.748908
v 0.572174 0.381354 -0.748908
v 0.769177 0.581354 -0.714411
v 0.769177 0.381354 -0.714411
v 0.503180 0.581354 -0.354903
v 0.503180 0.381354 -0.354903
v 0.700182 0.581354 -0.320406
v 0.700182 0.381354 -0.320406
vt 0.375000 0.000000
vt 0.625000 0.000000
vt 0.625000 0.250000
vt 0.375000 0.250000
vt 0.375000 0.250000
vt 0.625000 0.250000
vt 0.625000 0.500000
vt 0.375000 0.500000
vt 0.625000 0.750000
vt 0.375000 0.750000
vt 0.625000 0.750000
vt 0.625000 1.000000
vt 0.375000 1.000000
vt 0.125000 0.500000
vt 0.375000 0.500000
vt 0.375000 0.750000
vt 0.125000 0.750000
vt 0.625000 0.500000
vt 0.875000 0.500000
vt 0.875000 0.750000
vn 0.0000 1.0000 -0.0000
vn 0.9850 0.0000 0.1725
vn -0.1725 0.0000 0.9850
vn 0.0000 -1.0000 0.0000
vn 0.1725 0.0000 -0.9850
vn -0.9850 0.0000 -0.1725
usemtl bricks
s off
f 209/521/157 213/522/157 215/523/157 211/524/157
f 212/525/158 211/526/158 215/527/158 216/528/158
f 216/528/159 215/527/159 213/529/159 214/530/159
f 214/530/160 210/531/160 212/532/160 216/533/160
f 210/534/161 209/535/161 211/536/161 212/537/161
f 214/538/162 213/539/162 209/540/162 210/531/162
o Cube.027
v 0.443558 0.581354 -1.021636
v 0.443558 0.381354 -1.021636
v 0.631415 0.581354 -1.090262
v 0.631415 0.381354 -1.090262
v 0.580809 0.581354 -0.645921
v 0.580809 0.381354 -0.645921
v 0.768667 0.581354 -0.714546
v 0.768667 0.381354 -0.714546
vt 0.375000 0.000000
vt 0.625000 0.000000
vt 0.625000 0.250000
vt 0.375000 0.250000
vt 0.375000 0.250000
vt 0.625000 0.250000
vt 0.625000 0.500000
vt 0.375000 0.500000
vt 0.625000 0.750000
vt 0.375000 0.750000
vt 0.625000 0.750000
vt 0.625000 1.000000
vt 0.375000 1.000000
vt 0.125000 0.500000
vt 0.375000 0.500000
vt 0.375000 0.750000
vt 0.125000 0.750000
vt 0.625000 0.500000
vt 0.875000 0.500000
vt 0.875000 0.750000
vn 0.0000 1.0000 0.0000
vn 0.9393 0.0000 -0.3431
vn 0.3431 0.0000 0.9393
vn 0.0000 -1.0000 0.0000
vn -0.3431 0.0000 -0.9393
vn -0.9393 0.0000 0.3431
usemtl bricks
s off
f 217/541/163 221/542/163 223/543/163 219/544/163
f 220/545/164 219/546/164 223/547/164 224/548/164
f 224/548/165 223/547/165 221/549/165 222/550/165
f 222/550/166 218/551/166 220/552/166 224/553/166
f 218/554/167 217/555/167 219/556/167 220/557/167
f 222/558/168 221/559/168 217/560/168 218/551/168
o Cube.028
v 0.195742 0.581269 -1.194048
v 0.195742 0.381269 -1.194048
v 0.324119 0.581269 -1.347408
v 0.324119 0.381269 -1.347408
v 0.502463 0.581269 -0.937295
v 0.502463 0.381269 -0.937295
v 0.630840 0.581269 -1.090655
v 0.630840 0.381269 -1.090655
vt 0.375000 0.000000
vt 0.625000 0.000000
vt 0.625000 0.250000
vt 0.375000 0.250000
vt 0.375000 0.250000
vt 0.625000 0.250000
vt 0.625000 0.500000
vt 0.375000 0.500000
vt 0.625000 0.750000
vt 0.375000 0.750000
vt 0.625000 0.750000
vt 0.625000 1.000000
vt 0.375000 1.000000
vt 0.125000 0.500000
vt 0.375000 0.500000
vt 0.375000 0.750000
vt 0.125000 0.750000
vt 0.625000 0.500000
vt 0.875000 0.500000
vt 0.875000 0.750000
vn 0.0000 1.0000 0.0000
vn 0.6419 0.0000 -0.7668
vn 0.7668 0.0000 0.6419
vn 0.0000 -1.0000 -0.0000
vn -0.7668 0.0000 -0.6419
vn -0.6419 0.0000 0.7668
usemtl bricks
s off
f 225/561/169 229/562/169 231/563/169 227/564/169
f 228/565/170 227/566/170 231/567/170 232/568/170
f 232/568/171 231/567/171 229/569/171 230/570/171
f 230/570/172 226/571/172 228/572/172 232/573/172
f 226/574/173 225/575/173 227/576/173 228/577/173
f 230/578/174 229/579/174 225/580/174 226/571/174
o Cube.029
v -0.104755 0.581269 -1.219027
v -0.104755 0.381269 -1.219027
v -0.070258 0.581269 -1.416029
v -0.070258 0.381269 -1.416029
v 0.289250 0.581269 -1.150032
v 0.289250 0.381269 -1.150032
v 0.323747 0.581269 -1.347035
v 0.323747 0.381269 -1.347035
vt 0.375000 0.000000
vt 0.625000 0.000000
vt 0.625000 0.250000
vt 0.375000 0.250000
vt 0.375000 0.250000
vt 0.625000 0.250000
vt 0.625000 0.500000
vt 0.375000 0.500000
vt 0.625000 0.750000
vt 0.375000 0.750000
vt 0.625000 0.750000
vt 0.625000 1.000000
vt 0.375000 1.000000
vt 0.125000 0.500000
vt 0.375000 0.500000
vt 0.375000 0.750000
vt 0.125000 0.750000
vt 0.625000 0.500000
vt 0.875000 0.500000
vt 0.875000 0.750000
vn 0.0000 1.0000 0.0000
vn 0.1725 0.0000 -0.9850
vn 0.9850 0.0000 0.1725
vn 0.0000 -1.0000 0.0000
vn -0.9850 0.0000 -0.1725
vn -0.1725 0.0000 0.9850
usemtl bricks
s off
f 233/581/175 237/582/175 239/583/175 235/584/175
f 236/585/176 235/586/176 239/587/176 240/588/176
f 240/588/177 239/587/177 237/589/177 238/590/177
f 238/590/178 234/591/178 236/592/178 240/593/178
f 234/594/179 233/595/179 235/596/179 236/597/179
f 238/598/180 237/599/180 233/600/180 234/591/180
o Cube.030
v -0.376090 0.581354 -1.090218
v -0.376090 0.381354 -1.090218
v -0.444716 0.581354 -1.278076
v -0.444716 0.381354 -1.278076
v -0.000375 0.581354 -1.227470
v -0.000375 0.381354 -1.227470
v -0.069001 0.581354 -1.415328
v -0.069001 0.381354 -1.415328
vt 0.375000 0.000000
vt 0.625000 0.000000
vt 0.625000 0.250000
vt 0.375000 0.250000
vt 0.375000 0.250000
vt 0.625000 0.250000
vt 0.625000 0.500000
vt 0.375000 0.500000
vt 0.625000 0.750000
vt 0.375000 0.750000
vt 0.625000 0.750000
vt 0.625000 1.000000
vt 0.375000 1.000000
vt 0.125000 0.500000
vt 0.375000 0.500000
vt 0.375000 0.750000
vt 0.125000 0.750000
vt 0.625000 0.500000
vt 0.875000 0.500000
vt 0.875000 0.750000
vn 0.0000 1.0000 0.0000
vn -0.3431 0.0000 -0.9393
vn 0.9393 0.0000 -0.3431
vn 0.0000 -1.0000 0.0000
vn -0.9393 0.0000 0.3431
vn 0.3431 0.0000 0.9393
usemtl bricks
s off
f 241/601/181 245/602/181 247/603/181 243/604/181
f 244/605/182 243/606/182 247/607/182 248/608/182
f 248/608/183 247/607/183 245/609/183 246/610/183
f 246/610/184 242/611/184 244/612/184 248/613/184
f 242/614/185 241/615/185 243/616/185 244/617/185
f 246/618/186 245/619/186 241/620/186 242/611/186
o Cube.031
v -0.547971 0.581354 -0.842469
v -0.547971 0.381354 -0.842469
v -0.701332 0.581354 -0.970845
v -0.701332 0.381354 -0.970845
v -0.291218 0.581354 -1.149190
v -0.291218 0.381354 -1.149190
v -0.444579 0.581354 -1.277567
v -0.444579 0.381354 -1.277567
vt 0.375000 0.000000
vt 0.625000 0.000000
vt 0.625000 0.250000
vt 0.375000 0.250000
vt 0.375000 0.250000
vt 0.625000 0.250000
vt 0.625000 0.500000
vt 0.375000 0.500000
vt 0.625000 0.750000
vt 0.375000 0.750000
vt 0.625000 0.750000
vt 0.625000 1.000000
vt 0.375000 1.000000
vt 0.125000 0.500000
vt 0.375000 0.500000
vt 0.375000 0.750000
vt 0.125000 0.750000
vt 0.625000 0.500000
vt 0.875000 0.500000
vt 0.875000 0.750000
vn 0.0000 1.0000 0.0000
vn -0.7668 0.0000 -0.6419
vn 0.6419 0.0000 -0.7668
vn 0.0000 -1.0000 0.0000
vn -0.6419 0.0000 0.7668
vn 0.7668 0.0000 0.6419
usemtl bricks
s off
f 249/621/187 253/622/187 255/623/187 251/624/187
f 252/625/188 251/626/188 255/627/188 256/628/188
f 256/628/189 255/627/189 253/629/189 254/630/189
f 254/630/190 250/631/190 252/632/190 256/633/190
f 250/634/191 249/635/191 251/636/191 252/637/191
f 254/638/192 253/639/192 249/640/192 250/631/192
o Cube.032
v -0.567655 0.581269 -0.552135
v -0.567655 0.381269 -0.552135
v -0.764179 0.581269 -0.589264
v -0.764179 0.381269 -0.589264
v -0.493398 0.581269 -0.945182
v -0.493398 0.381269 -0.945182
v -0.689921 0.581269 -0.982311
v -0.689921 0.381269 -0.982311
vt 0.375000 0.000000
vt 0.625000 0.000000
vt 0.625000 0.250000
vt 0.375000 0.250000
vt 0.375000 0.250000
vt 0.625000 0.250000
vt 0.625000 0.500000
vt 0.375000 0.500000
vt 0.625000 0.750000
vt 0.375000 0.750000
vt 0.625000 0.750000
vt 0.625000 1.000000
vt 0.375000 1.000000
vt 0.125000 0.500000
vt 0.375000 0.500000
vt 0.375000 0.750000
vt 0.125000 0.750000
vt 0.625000 0.500000
vt 0.875000 0.500000
vt 0.875000 0.750000
vn 0.0000 1.0000 0.0000
vn -0.9826 0.0000 -0.1856
vn 0.1856 0.0000 -0.9826
vn 0.0000 -1.0000 -0.0000
vn -0.1856 0.0000 0.9826
vn 0.9826 0.0000 0.1856
usemtl bricks
s off
f 257/641/193 261/642/193 263/643/193 259/644/193
f 260/645/194 259/646/194 263/647/194 264/648/194
f 264/648/195 263/647/195 261/649/195 262/650/195
f 262/650/196 258/651/196 260/652/196 264/653/196
f 258/654/197 257/655/197 259/656/197 260/657/197
f 262/658/198 261/659/198 257/660/198 258/651/198
o Cube.033
v -0.442698 0.581269 -0.277711
v -0.442698 0.381269 -0.277711
v -0.631457 0.581269 -0.211604
v -0.631457 0.381269 -0.211604
v -0.574913 0.581269 -0.655228
v -0.574913 0.381269 -0.655228
v -0.763671 0.581269 -0.589121
v -0.763671 0.381269 -0.589121
vt 0.375000 0.000000
vt 0.625000 0.000000
vt 0.625000 0.250000
vt 0.375000 0.250000
vt 0.375000 0.250000
vt 0.625000 0.250000
vt 0.625000 0.500000
vt 0.375000 0.500000
vt 0.625000 0.750000
vt 0.375000 0.750000
vt 0.625000 0.750000
vt 0.625000 1.000000
vt 0.375000 1.000000
vt 0.125000 0.500000
vt 0.375000 0.500000
vt 0.375000 0.750000
vt 0.125000 0.750000
vt 0.625000 0.500000
vt 0.875000 0.500000
vt 0.875000 0.750000
vn 0.0000 1.0000 0.0000
vn -0.9438 0.0000 0.3305
vn -0.3305 0.0000 -0.9438
vn 0.0000 -1.0000 0.0000
vn 0.3305 0.0000 0.9438
vn 0.9438 0.0000 -0.3305
usemtl bricks
s off
f 265/661/199 269/662/199 271/663/199 267/664/199
f 268/665/200 267/666/200 271/667/200 272/668/200
f 272/668/201 271/667/201 269/669/201 270/670/201
f 270/670/202 266/671/202 268/672/202 272/673/202
f 266/674/203 265/675/203 267/676/203 268/677/203
f 270/678/204 269/679/204 265/680/204 266/671/204
o Cube.034
v -0.197783 0.581354 -0.103841
v -0.197783 0.381354 -0.103841
v -0.328199 0.581354 0.047789
v -0.328199 0.381354 0.047789
v -0.501043 0.581354 -0.364674
v -0.501043 0.381354 -0.364674
v -0.631459 0.581354 -0.213044
v -0.631459 0.381354 -0.213044
vt 0.375000 0.000000
vt 0.625000 0.000000
vt 0.625000 0.250000
vt 0.375000 0.250000
vt 0.375000 0.250000
vt 0.625000 0.250000
vt 0.625000 0.500000
vt 0.375000 0.500000
vt 0.625000 0.750000
vt 0.375000 0.750000
vt 0.625000 0.750000
vt 0.625000 1.000000
vt 0.375000 1.000000
vt 0.125000 0.500000
vt 0.375000 0.500000
vt 0.375000 0.750000
vt 0.125000 0.750000
vt 0.625000 0.500000
vt 0.875000 0.500000
vt 0.875000 0.750000
vn 0.0000 1.0000 0.0000
vn -0.6521 0.0000 0.7581
vn -0.7581 0.0000 -0.6521
vn 0.0000 -1.0000 -0.0000
vn 0.7581 0.0000 0.6521
vn 0.6521 0.0000 -0.7581
usemtl bricks
s off
f 273/681/205 277/682/205 279/683/205 275/684/205
f 276/685/206 275/686/206 279/687/206 280/688/206
f 280/688/207 279/687/207 277/689/207 278/690/207
f 278/690/208 274/691/208 276/692/208 280/693/208
f 274/694/209 273/695/209 275/696/209 276/697/209
f 278/698/210 277/699/210 273/700/210 274/691/210
o Cube.035
v 0.102354 0.581354 -0.074845
v 0.102354 0.381354 -0.074845
v 0.065225 0.581354 0.121678
v 0.065225 0.381354 0.121678
v -0.290693 0.581354 -0.149103
v -0.290693 0.381354 -0.149103
v -0.327822 0.581354 0.047420
v -0.327822 0.381354 0.047420
vt 0.375000 0.000000
vt 0.625000 0.000000
vt 0.625000 0.250000
vt 0.375000 0.250000
vt 0.375000 0.250000
vt 0.625000 0.250000
vt 0.625000 0.500000
vt 0.375000 0.500000
vt 0.625000 0.750000
vt 0.375000 0.750000
vt 0.625000 0.750000
vt 0.625000 1.000000
vt 0.375000 1.000000
vt 0.125000 0.500000
vt 0.375000 0.500000
vt 0.375000 0.750000
vt 0.125000 0.750000
vt 0.625000 0.500000
vt 0.875000 0.500000
vt 0.875000 0.750000
vn 0.0000 1.0000 0.0000
vn -0.1856 0.0000 0.9826
vn -0.9826 0.0000 -0.1856
vn 0.0000 -1.0000 0.0000
